
gemroc.init,no txt, len= 31
255 511 511 255 511 511 255 511 511 255 511 511 511 511 511 511 511 511 511 511 63 0 0 0 0 0 1 10 10 10 10 
DAQ_init,no txt, len= 15
200 2 300 8 200 256 1 100 512 1 1 0 0 1 255 
g_reg.init no txt, len= 37
0 0 0 55 10 30 20 0 10 7 27 8 55 0 0 55 25 15 0 26 15 39 1 0 0 9 1 6 0 0 7 0 0 0 2 0 1 
ch_reg.init,no txt, len= 30
1 2 2 0 0 0 0 0 0 1 0 0 1 6 6 1 0 1 1 0 0 0 0 10 31 0 0 0 0 0 
g_reg reload , no txt, len= 37
0 0 0 55 10 30 20 0 10 7 27 8 55 0 0 55 25 15 0 26 15 39 1 0 0 9 1 6 0 0 7 0 0 0 2 0 1 
ch_reg reload,no txt, len= 30
1 2 2 0 0 0 0 0 0 1 0 0 1 6 6 1 0 1 1 0 0 0 0 10 31 0 0 0 0 0 